encog,BasicNetwork,java,3.3.0,1,1538760610704
[BASIC]
[BASIC:PARAMS]
[BASIC:NETWORK]
beginTraining=0
connectionLimit=0
contextTargetOffset=0,0,0
contextTargetSize=0,0,0
endTraining=2
hasContext=f
inputCount=9
layerCounts=1,7,10
layerFeedCounts=1,6,9
layerContextCount=0,0,0
layerIndex=0,1,8
output=0,0,0,0,0,0,0,1,0,0,0,0,0,0,0,0,0,1
outputCount=1
weightIndex=0,7,67
weights=0.1398239812,-2.181867099,2.0270615669,-0.2137349455,1.6989545568,-1.6034607963,-0.8671823498,0.3740644079,-0.109961258,-0.8096798052,-0.1013635405,0.1605820661,0.7972449544,0.4009917315,-0.6881532786,-0.1495577012,-0.0148000525,-2.4514867156,0.260867727,-0.4049388131,-0.5446679446,-0.2145177061,0.5331895714,0.1178773851,0.7118733744,0.2415232862,0.6673179966,2.3389962954,-0.0924961295,-0.4747430809,-0.932674041,0.0121406885,0.7154677734,0.3896897436,0.421837507,-0.1539295183,-0.5676421305,0.0041982935,-0.2970579759,0.8804382901,0.1875666574,-0.4113515882,1.2376483789,-0.2585917527,-0.1713570134,0.4623175921,-0.9559916619,2.2214743319,0.1713351405,0.0600156964,-0.1281482266,0.0383255555,0.5806285267,-0.6685544722,-0.5448762812,0.822060104,-0.6905471385,-1.6666653814,-0.3985942518,-0.1767763641,-0.648365551,-0.7180304342,-0.0480812456,-0.230353835,-0.2675252648,0.6648278581,0.4069954725
biasActivation=0,1,1
[BASIC:ACTIVATION]
"org.encog.engine.network.activation.ActivationSigmoid"
"org.encog.engine.network.activation.ActivationSigmoid"
"org.encog.engine.network.activation.ActivationLinear"
